$ 1 0.000005 10.20027730826997 50 5 43
g -48 208 -48 336 0
g 112 224 112 336 0
g 448 352 448 432 0
g -80 48 -112 48 0
v -80 48 16 48 0 0 40 3.3 0 0 0.5
s -48 208 64 208 0 1 false
t 64 208 112 208 0 1 0.6199313063733098 0.6506106478684909 100
r 64 128 64 48 0 1000
w 16 48 64 48 0
w 112 192 112 128 0
r 256 48 256 128 0 1000
r 416 48 416 128 0 1000
w 64 48 256 48 0
w 256 48 416 48 0
w 64 128 64 208 0
w 112 128 256 128 0
c 304 128 368 128 0 0.00001 -3.269320480238746
w 256 128 304 128 0
w 368 128 416 128 0
t 528 192 528 160 0 1 -6.165801291757589e-8 -1.2333153520671658e-7 100
w 416 128 512 128 0
w 512 128 512 160 0
w 544 160 544 128 0
w 544 128 640 128 0
r 576 240 640 240 0 1000
w 576 240 528 240 0
w 528 240 528 192 0
w 256 128 256 304 0
w 256 304 640 304 0
w 256 304 256 352 0
w 256 352 400 352 0
c 400 352 448 352 0 0.00001 0.03067934149518106
w 448 352 640 352 0
M 640 128 688 128 0 2.5
M 640 240 688 240 0 2.5
M 640 304 688 304 0 2.5
M 640 352 688 352 0 2.5
